10001001001010
1100101111011
1110111110100
10010100001001
10011111110111
10101101111000
10100100001011
1111011001010
10000110010001
1101000011011
10010000100011
111111101011
10011010110000
1101100001111
10010010001011
10010001001110
1100100111001
10101011011110
1010010001010
1100110001010
1011011010001
10100011000000
10011111011011
1011001001011
10100110100101
1111011110001
10101101011100
1000011110011
1111100011010
10010101111010
1111010101110
1011001111101
10100100110100
1011010001111
1010011101111
1001101111010
1100101101101
1101101100010
1110000011110
10100011001010
11100000001100
10000011111011
10001101100110
10011100111100
1110011100000
10100001101100
1110011101001
1000001110110
10001111000110
1100011110010
1011001111000
10001010010010
1101101011100
1110100100100
10101010110111
10001101001110
11000110010010
11010001000001
1110100000101
11010001111011
1011001101000
1101010000100
10010101010010
10010110000110
10101100110110
10101101110100
10000010100011
111101010110
10101010011110
10110000110011
10000011111110
1011110100010
1000000001110
1011001001001
10111110000101
1110001010001
1101111110001
10000000101100
1001001101001
1010111001101
10000010010101
1111001111110
10000000111010
1111111111011
10000100011111
1000000101111
10111100001111
10011110100000
1101011100001
111010010010
10010001000110
11010100001100
1101110000000
1100101100110
1111011001001
1101111111111
1111001000000
11010001110111
1101110110001
10010110110100
1101001001110
10010100111100
10010100001011
11001100001101
10000100110100
10000011000001
1010011011000
1110111110001
1110011010000
10100110011000
1100101011000
1100100001011
10000001011110
10000100011000
1001001000100
1011100000011
1100001011110
10101011111011
10000011100010
1100000100110
1111000101110
10010101011100
1011001011000
11000011000000
1001001000110
10000001000001
1110001100111
10001000101011
1011111010011
10101110001111
10110010001010
10000110111100
1111000100110
1101001011011
10000001010111
1111110000110
110010111100
10101001101110
10010110100010
1101111110110
1111110000010
10000110100011
1100000101110
1110110111111
10001000100011
1011101110001
1101101011101
1101000001101
10001110110010
10101010101101
110010101010
10011010001100
10010100110111
10001101001101
1101101011110
1100010001000
1001100001110
1100111111001
1011100011110
1010101111010
10000011100011
10100000100110
1101101101111
10011001111101
1100101010010
10000111001111
10000111101010
10110000001111
1100110110001
10101011001101
10100001001010
10111011111111
1111011100011
1110000011000
10101001010011
1100001011101
10100101001001
11000101010110
10110100110011
1001100011001
100001011001
100111000100
10100111100110
1110111101100
1011101110011
1100001110011
1101001010000
1001100010110
10000110010100
11001011101111
10100101011001
1011010100111
1110110000011
1100001000111
1010111010110
1110110111110
10101101010001
1001111111100
1111111100101
1110011011001
10000100000111
1110101001011
1110111101010
11010001011101
1100000110000
10011001011100
1100100011101
10111111110101
10011111001000
1010111110000
10100010100010
1110110111100
111001100110
10001101100001
10010111110110
1011111011010
10000010110101
10000110111111
10001101101101
10011000000100
10111011011011
10010101010101
1110010000001
1111110101100
10010110111000
10101111111110
10101111111010
1101100000100
10101001111101
1111001001110
10110111111101
10000101111111
1001110111011
10101100110011
10110011011010
11001001111010
1011110111110
10010000110111
10101011111111
10010001100111
1010110111001
1101011011110
1011111001101
101010110001
10100101110101
1011010011111
1101110011000
10001001100011
10011111101010
10100000111011
10000100111010
10010111001101
1101110000011
11001110011110
1110000100100
1111100001101
1010111111011
10101110000010
1010000100011
11000010111101
111101101011
1111000100101
1110100101100
10000011100001
10010010010011
10010010000110
10110100010001
1100010010001
10001111010111
10010110101101
1111000111011
1010001011100
1111000101111
1001010100000
10101001000010
10000111111000
1110101001000
10001011100011
1100110100100
1010100010001
1001010011100
10011110010100
1100011001000
10011001010101
111001111000
1001010111101
1100000111110
10010110010010
11010001110100
10110011110111
1110111111010
10001001110011
10001010111000
10000010100000
1101111010111
10001100011011
1100001001001
10010011110000
10111111100011
10111010101110
10010110000100
1110011001101
1110110001110
1101111001111
10010110000000
1111001111110
10100001100010
10000001011000
1111010101101
1111110001001
10001000001111
1001111000111
10010101001001
1111010010011
111101110001
10100110010101
1010011110011
10000001001101
10101010100100
10111011010100
111111000101
1011101101110
1011010011100
111011110010
10010000100011
10111011000100
10101000110010
10100011100000
1001011110011
10000100000011
10010111001001
10101001000011
10000001110011
1101110010011
11000001010110
1100011001111
1110010011100
10101011100101
10101001101111
1100000111010
1100110100001
10010011000110
1011111101000
10100011011111
10000010100011
1110000010000
1110001001100
10100101111011
110011110111
1111010010000
1100100011111
1011100001000
10011010100001
1011111111010
10001010000100
10001101111110
10111100001111
10000110001001
1111001110001
10100100100100
1001011111010
1111000001111
1111000011001
1001111011000
1111001110000
1110001111000
1011001011110
10011111010011
1111010000110
1110101101101
10011110011100
1011101110101
10101000001111
1111100000001
10100001100011
1010111011111
10100011010010
1111110001011
1111100111010
1100011000111
10011100100110
1011100010110
1101111001011
10000000010011
1001001100110
1011011100100
10001100010111
1100010000011
10011110101110
10000100110101
1011100000100
10001110101001
1010001010101
1111001001011
1001010000111
10011110000000
10100000010110
1011110110100
10001110001111
10111010010001
1000000100000
10000011101100
1010100010101
1111010111101
1101010100101
10101000010000
10011100101001
1010001100110
10010001111100
10111110011011
1110011000000
10001100010100
11000101111101
10001110101100
10100011000000
1111101101011
10001001101011
10101000100010
1111101001001
1101001010100
1011100110010
10110100101000
101111010110
10111001110001
10000110111101
1111011111101
10100001100010
10010101001000
10000000000101
10100100011000
1101011100111
10110111011000
101011111111
1111100101001
10001101110011
1010010111001
1101011100110
1100011010111
1111110011000
1001110111000
1110100101100
1011011011001
10110110110010
1110000010010
10111001010011
10011111001011
1110101001101
10000111011111
1100110010110
1010000000100
10111010011011
10001011111011
10000011110001
10010111010000
1111010010001
1101101010111
1010101100100
10110000010
1111010001011
10100000100111
1100000000011
1100110010101
10010111110110
1110110011001
1111010111011
1000010100010
10111001010000
1110010100001
10010001010111
10100111011001
10100111000010
1110100000000
10000010011001
1111101101011
10001000010101
10001101101001
10011010000111
11001101110011
1001111110100
101100010010
1011101101100
10101001100101
1010010011100
1100100110000
1111101010011
1000100011111
1110100011011
1111011010100
10111110101001
11010001111111
1011100001101
1101101110010
10011001011000
1101100111010
1111100101100
10001010100111
1011100010111
111110100001
1101010011111
1111010100111
1111010110001
1110100010010
11000101010011
1110111010001
1110100100101
1110100001001
10010000110000
10100101001100
10101001110000
1101000000100
1110100001110
10111111011011
10100111111100
10000001000100
100110110001
10011000000111
10100111111011
10000101100000
10101110010011
10000110010111
10001001110100
10000011011100
10010111100101
10011000000101
1101101111000
11001100000111
10000111101111
1111000001010
1111000001101
110001010101
10100101010101
1111111101010
1110010101010
1111011010100
1100010010101
10010010100001
10010011100111
1110001000100
1100111101100
10000110111110
1101100011111
10101100011101
1100000111011
10011100100001
11000001111110
1011000110000
10000000000110
1011010000110
10100010111101
10010100000000
10110111101100
1101001011001
1110100011110
1100010001101
1101101010011
10001001101010
10110010000110
1101000000110
1100111001011
10010110110111
10011111010100
10001110001001
10000101100101
10101010110110
1110000010010
1011101001010
1111101110001
10000100111000
10110010100011
10010110000101
1101111001011
10101010001100
10010100100100
1100000010011
10100111101110
10100100001010
10000110011101
10100101001101
10011011000010
101111000000
10111010111111
1110010000010
10101111000010
10000001111000
1110011100100
1100000101111
10010000010111
111111011001
1000011011110
1110110111001
10001001111011
1100000000100
10000101010101
1001000001010
10101001111100
1111001110110
1100110010010
10010010110000
1101010110111
10101100000110
1010000101101
10011100010101
110110001010
1111111010001
10001010011010
10101000111110
10000110111101
10010011110011
1010110000111
10000101010001
11011100101001
1101000101010
10001110001100
10001011001000
1110110011011
11011100101000
111000000010
10010001011010
10101100101101
1101100101101
10010110000010
1011010001001
1110011011001
10010000110101
1100100110101
1100001110010
1110111001111
1100011001000
1101110110101
1111010101011
10010110000100
1000001101000
1110110110100
1000011100101
1100111010010
1011000000100
10110011110101
10000101110101
10010010101001
1000100010101
1011010010100
10001111101110
10101010101000
10101001111100
10001111101100
1111111110000
1101000010111
1111010000110
1101111100100
1101011001010
10010110101111
10001111101111
1111011101010
11011011011
1111100110100
10011000101000
11010000000011
1110110101101
10001100011100
10110101010011
1010011001100
10001100011111
10001111010101
10100110010011
10110000001110
1110100111111
1110100010111
11010010101110
1100011110100
1111001001101
10000010110010
1100101110100
1100000110001
10101101011110
1001001000001
10001110100100
10111000011001
10100001010111
1001110001101
1010111110100
10000111100110
1111000010100
110110011001
1101000000110
1101010101000
10010010000001
1110110111001
10100001100111
10100010111100
1011101001101
1011001100100
1010110001111
1111101001111
10100010000001
1101111010011
1001000100111
1010101100010
1110100101010
1111100110101
1001010111100
1111001001110
10101001011100
1001000010111
1101111111101
10010000100000
1111100100010
1110111000000
10010110000100
1001001001010
10011101100011
1111011110101
10000001111001
11100010011010
10010010100000
10000001001000
1100010000000
10011010100001
1110110111000
10000001110110
1101011011000
1010110100100
10000010000000
1101110111010
11110001101
1001111111100
1100110111100
1011010111000
1110111110100
1110110000101
1110001000110
10100001101000
1100100000100
10101100101011
1010110001100
1010101100010
1101011011000
10000000110111
10001010100010
1111100101011
1101010100000
1010010110111
1100100011010
10100101111111
10101011111011
11010010010100
10001011001001
1100110100010
1100011100100
10111000111110
1001100100010
1101010010011
1111010110110
1011101110011
1101010010000
10101101000000
10110011010001
10000100110110
1111111001111
10110010110100
1101010010011
1110010100110
10100010000011
1010000111100
1011011011010
10101000010001
1101110100110
1010110001101
1110001101001
10101010000100
1100101001101
10000000100111
1111000100111
1101101100101
10100000010100
1100110110010
10100101010110
10010100101111
11101001111110
10001111111010
10101011111001
1100000101001
10100001000110
10001111110110
1100000110101
1110010001010
1000111100011
1111001101010
1101110100100
1110011000000
1110100111010
11010101010010
1110110000110
10100010000110
10110000110110
1011101010110
10010111110011
111001111011
1101001011011
10111001011010
1011001111110
10110101000100
1100100101001
1111100011011
10001000100011
10110101111010
1110011001001
10010111110010
1011100111111
1011011010001
1101101011000
1100011111111
10110011100001
10001110001101
1100111010101
1011110100001
1011000110000
10011111000101
1101011011101
1011010000010
1111111101100
10000101011100
10001110100101
1100011110100
10110000001010
10010100001010
1100011000100
10001101111001
1100011111110
11000101111001
1111000100111
1110011111011
10011110000111
10011100100010
10000101101111
1110101111000
10110100110101
10000001000101
10100101001100
10000111011001
1110101001111
10010010001001
10111101100110
1100011000001
10000111110100
11011001000100
10110001001010
1101111111110
1110000011110
10110101000100
1110110011000
10101000011011
1010101011101
10000011011000
10101111001100
10000000001100
10101100110111
110000110111
1100011000111
1101011001001
1111110111110
10111100001011
10010011100001
1101111101001
1010011011100
1011000010101
1001100110011
10000101001010
110111110010
10010011101111
10001101000001
10100100100000
1111010010101
10000000111010
1110000001111
11010100111000
1010100011101
1010110011100
1011110101010
10001110010111
10110000011110
10000110111111
1100010010010
1100010110110
10000010011100
10110111110011
10001010111001
1100000011110
10011000010101
10010111001000
1111101011110
1001001101110
10010111110011
10111001111100
1010100101000
1011001100000
1110111101110
1010011110110
1110111010010
1010010010110
10000100000111
10010000101100
10001001111001
1111000010111
10000000100011
1100100000011
1110010101110
10011101001011
10001111011001
110011001010
10010011000100
1101110011100
10011100000000
1100000000100
111001000101
1001100101010
1001101101001
100111010011
10001001111000
11011100011111
1101001110111
1111000110011
10000110101110
1101011110010
10011011001000
1101100110010
1010001001011
1110011010010
10110001001110
11001110001001
10100101110101
10001011111110
1101111100001
1001110000011
1110001000111
10001011000111
10010111001001
10000100011100
11101000101000
1001100110011
10101010000011
10111010010011
1110101100111
10111100011011
10011011110111
10000101001101
10011100000110
10011111111110
10000111110101
10000001010111
10010100000011
10011110111100
1110100100111
10010100111100
1101011101000
10000000100001
10010000011001
10101011111110
10100001110010
1011011001011
1110000110001
1111001011101
1001100000010
10111110111001
10011110110011
1011001010000
10101111010001
10010101100110
1111011111010
1101011001001
10110100100011
10000100100100
10001100111101
1101111101110
10100101110101
1101000010001
1011001100011
10011000000000
10011011111110
10101010001000
1111011100011
10011001100110
1011101110001
1100101000110
11011111111111
10011100101111
10010001011101
10001100110110
1111101100100
1001001100000
10000010000100
10010100010110
10110110100111
1000011110001
10011000011011
10101110001100
10000010110011
10110110100101
1010011111001
10011100100000
10011111100011
